# R script for Peak Model
#  -- generated by MACS
p <- c(0.037468543105,0.0440212609174,0.0505910876536,0.0567845180664,0.0629608395554,0.0630292752506,0.063080602022,0.0628410770889,0.0629266217078,0.0626528789272,0.0629608395554,0.0628581860127,0.0621567201372,0.0620369576706,0.0619514130517,0.0621225022896,0.0623278093751,0.0628410770889,0.0626015521558,0.0628239681651,0.0623449182989,0.0625673343082,0.063080602022,0.0637136322023,0.0645177516205,0.0650823461057,0.0648599300964,0.0645006426967,0.0641413552971,0.0642440088398,0.0642782266874,0.0644835337729,0.0648428211726,0.0642782266874,0.0635938697357,0.0635254340406,0.0636794143547,0.0638333946688,0.0641926820685,0.0642440088398,0.0644493159253,0.0640558106781,0.0636623054309,0.0639531571354,0.0642097909923,0.0641755731447,0.0645177516205,0.0646888408584,0.0650823461057,0.0649796925629,0.0645519694681,0.0645177516205,0.0647743854774,0.0650310193343,0.0649112568677,0.064723058706,0.0644150980778,0.0641242463733,0.0636280875833,0.0632859091075,0.0638847214402,0.0636794143547,0.0638505035926,0.0635767608119,0.0635425429644,0.0641584642209,0.0640729196019,0.0644835337729,0.0646375140871,0.0650652371819,0.0646546230109,0.0644150980778,0.0644493159253,0.0641071374495,0.0649112568677,0.0641755731447,0.063987374983,0.0634227804978,0.0637478500499,0.0636794143547,0.0641071374495,0.0638847214402,0.0629266217078,0.0631832555647,0.0626186610796,0.0627042056985,0.0622593736799,0.062498898613,0.062088284442,0.0621396112134,0.0620198487468,0.0622080469086,0.0629779484792,0.0627726413937,0.0621909379848,0.061677670271,0.0622422647561,0.0621053933658,0.0624475718417,0.0623791361465,0.0624133539941,0.0627897503175,0.0630292752506,0.0633201269551,0.0635425429644,0.0645348605443,0.0646888408584,0.0646546230109,0.0646375140871,0.0645348605443,0.0641926820685,0.0641071374495,0.0633885626502,0.062498898613,0.0627726413937,0.0616263434996,0.0620198487468,0.0623962450703,0.0616263434996,0.0618658684327,0.0623278093751,0.0621909379848,0.0627042056985,0.0628752949365,0.0625160075368,0.0631148198696,0.0627726413937,0.0625673343082,0.063405671574,0.0630121663268,0.0625331164606,0.0628239681651,0.0629266217078,0.0635083251168,0.0637991768212,0.0643295534588,0.063987374983,0.0643295534588,0.0640900285257,0.0649112568677,0.0653731978101,0.065544287048,0.0653903067339,0.065304762115,0.0654416335053,0.064808603325,0.0649625836391,0.0649796925629,0.0651849996484,0.0646204051633,0.0641071374495,0.0641584642209,0.0640044839067,0.0645348605443,0.0651678907246,0.0653731978101,0.064808603325,0.0641755731447,0.0637991768212,0.0641584642209,0.0637991768212,0.0641242463733,0.0645177516205,0.0646204051633,0.064226899916,0.064723058706,0.0656127227432,0.0658693566001,0.0668274563325,0.0666050403232,0.0671354169607,0.0666050403232,0.0658864655239,0.0648770390202,0.0647059497822,0.0645348605443,0.0650823461057,0.0656640495146,0.0654587424291,0.0651165639532,0.0652021085722,0.0659549012191,0.0663997332377,0.0666734760183,0.0663141886187,0.0663312975425,0.065544287048,0.0652363264198,0.0652876531912,0.0656982673622,0.0664339510852,0.0660917726094,0.0656640495146,0.0665023867804,0.0668958920276,0.0665879313994,0.0662970796949,0.0658522476763,0.0656469405908,0.0657495941336,0.065219217496,0.0649625836391,0.0654587424291,0.0650994550295,0.0651678907246,0.0652876531912,0.0661088815332,0.0667248027897,0.0665194957042,0.0661944261522,0.0664168421615,0.0665708224756,0.0664339510852,0.0666392581708,0.0663141886187,0.0661088815332,0.0657667030573,0.065304762115,0.0656811584384,0.0654416335053,0.0647572765536,0.064397989154,0.0645690783919,0.0645861873157,0.064312444535,0.0646204051633,0.064312444535,0.0644664248491,0.0647743854774,0.0657495941336,0.0660233369142,0.0662628618473,0.0664339510852,0.0668274563325,0.0676657935983,0.0679566453028,0.0687265468734,0.0692055967396,0.0688976361113,0.0685383487117,0.0690516164255,0.0686238933307,0.0681106256169,0.0674604865128,0.0673065061986,0.0668445652563,0.0664168421615,0.0659549012191,0.0662115350759,0.066536604628,0.0663312975425,0.0667076938659,0.0664852778566,0.0667590206373,0.0668103474087,0.0678197739124,0.0683330416262,0.0684014773214,0.0685041308641,0.0683843683976,0.0682132791596,0.0684014773214,0.0690345075017,0.068675220102,0.0682817148548,0.0674775954366,0.0672722883511,0.0671183080369,0.0668787831038,0.0669301098752,0.0674604865128,0.0682132791596,0.0678711006838,0.0685383487117,0.0692227056634,0.0693937949013,0.0699583893864,0.0707967266523,0.070488766024,0.0708822712712,0.0713784300612,0.0705400927954,0.0711046872805,0.0711217962043,0.0710362515854,0.071891697775,0.0712586675947,0.0716521728419,0.0721654405556,0.0721141137843,0.072627381498,0.0734657187639,0.0734657187639,0.0740645310966,0.0746975612769,0.0740132043252,0.0747488880483,0.0747659969721,0.0752792646858,0.0758780770186,0.0762715822658,0.0766308696654,0.0775205337026,0.0773494444647,0.0778627121785,0.0785299602064,0.0797275848718,0.0800526544239,0.0804119418235,0.0801381990428,0.0797446937956,0.0798815651859,0.0804119418235,0.0813700415559,0.0816951111079,0.0825334483737,0.0821912698979,0.0822254877455,0.0827900822306,0.0834231124109,0.0840903604388,0.0852708761805,0.0856643814277,0.0856985992753,0.0860236688274,0.0861434312939,0.0862118669891,0.0869133328645,0.0869817685597,0.0878029969017,0.088196502149,0.0881451753776,0.0882820467679,0.0880425218348,0.0883675913869,0.0884702449296,0.0891717108051,0.0900271569947,0.0903693354706,0.0898731766806,0.0895481071286,0.0891546018813,0.0891717108051,0.0901298105375,0.0901298105375,0.0904035533182,0.0901127016137,0.0894454535858,0.089342800043,0.090420662242,0.0910194745747,0.0919262475357,0.0928501294205,0.0938082291528,0.0939622094669,0.0949545270469,0.0954164679893,0.0954164679893,0.0954849036845,0.095519121532,0.0953993590655,0.0952111609038,0.0948518735041,0.0939793183907,0.094287279019,0.0933291792866,0.0931580900487,0.0944412593331,0.0950058538183,0.0949374181231,0.0958099732365,0.0963574587979,0.0970931425209,0.0975037566919,0.0978459351678,0.0984105296529,0.0991119955284,0.0983934207291,0.0986671635098,0.0990777776808,0.0989237973667,0.0984789653481,0.0984447475005,0.0988724705953,0.0987698170526,0.0998134614039,0.100224075575,0.100634689746,0.100617580822,0.101233502079,0.101079521765,0.101712551945,0.101969185802,0.101490135936,0.102482453515,0.101661225173,0.101883641183,0.10277330522,0.103064156924,0.102721978449,0.103560315714,0.103491880019,0.1041249102,0.104364435133,0.103799840647,0.104449979752,0.104843484999,0.104227563742,0.10462106899,0.105408079484,0.105083009932,0.105117227779,0.105065901008,0.105955565045,0.106229307826,0.106349070293,0.106571486302,0.107187407558,0.107101862939,0.106331961369,0.106964991549,0.10751247711,0.108059962672,0.107820437739,0.107769110967,0.108196834062,0.107580912806,0.107392714644,0.108145507291,0.108658775004,0.108453467919,0.109326023032,0.108812755319,0.109428676575,0.109035171328,0.109377349804,0.11035255846,0.110831608326,0.112046341915,0.112593827477,0.113038659495,0.112542500705,0.113637471828,0.113911214609,0.116392008559,0.11680262273,0.116665751339,0.117640959995,0.117110583358,0.117589633224,0.118342425871,0.119180763137,0.119009673899,0.119403179146,0.1182910991,0.118445079414,0.119009673899,0.119283416679,0.119762466546,0.121558903544,0.121576012468,0.122072171258,0.122824963904,0.123372449466,0.123937043951,0.124570074131,0.124912252607,0.125801916644,0.125887461263,0.124210786732,0.124775381217,0.125288648931,0.124689836598,0.125374193549,0.125853243416,0.126109877273,0.126965323462,0.1271364127,0.128043185661,0.130301563602,0.131447861496,0.133415387732,0.134972299797,0.136015944148,0.137282004509,0.137846598994,0.138000579308,0.139300857516,0.140207630477,0.139523273526,0.140532700029,0.139471946754,0.139882560925,0.139437728907,0.13918109505,0.139933887697,0.140224739401,0.140139194782,0.140002323392,0.140498482182,0.140430046487,0.14116573021,0.141371037295,0.142089612095,0.14315036537,0.144519079273,